1 10 0.692669153213501 0.7057940363883972 0.1596362143754959 0.34995466470718384 0.11063341796398163
1 20 0.6930906772613525 0.7002867460250854 0.08556409180164337 0.6644444465637207 0.11638770252466202
1 30 0.6931188106536865 0.6964207887649536 0.059277597814798355 0.7860465049743652 0.1631799191236496
1 40 0.6931271553039551 0.6910732388496399 0.04710990935564041 0.746077835559845 0.4219520092010498
1 50 0.6931763291358948 0.6870343685150146 0.04221360385417938 0.842158854007721 0.2882537543773651
1 60 0.6931929588317871 0.6825899481773376 0.034098993986845016 0.8505154848098755 0.6111111044883728
1 70 0.6932123899459839 0.6783643960952759 0.032259322702884674 0.8792792558670044 0.4533911347389221
1 80 0.6932963728904724 0.675115704536438 0.029789410531520844 0.8730785846710205 0.5428727269172668
1 90 0.6934034824371338 0.6708955764770508 0.027991289272904396 0.7936818599700928 0.7754712104797363
1 100 0.6934398412704468 0.6687983274459839 0.022736523300409317 0.8907563090324402 0.7162162065505981
2 110 0.6935240030288696 0.6659597754478455 0.02442963235080242 0.8598130941390991 0.6717289686203003
2 120 0.6936433911323547 0.6621852517127991 0.02161489427089691 0.8775107264518738 0.8291848301887512
2 130 0.6937596797943115 0.6590613126754761 0.02219100296497345 0.8271126747131348 0.7837837934494019
2 140 0.6938408613204956 0.6566354036331177 0.02149238996207714 0.8941954374313354 0.7311505079269409
2 150 0.6939629912376404 0.6536645889282227 0.02050858363509178 0.9023329615592957 0.7274466156959534
2 160 0.6940868496894836 0.650646984577179 0.018754009157419205 0.8794395327568054 0.7859638929367065
2 170 0.6941529512405396 0.6487709283828735 0.020600557327270508 0.9315589070320129 0.6799259781837463
2 180 0.6943565607070923 0.645976722240448 0.01904810592532158 0.8066280484199524 0.8606247901916504
2 190 0.6944249868392944 0.6439118385314941 0.01925823464989662 0.9116848111152649 0.6872652769088745
2 200 0.6946410536766052 0.6407202482223511 0.018924472853541374 0.8421372175216675 0.8475404977798462
3 210 0.694544792175293 0.6418890357017517 0.019385917112231255 0.9131933450698853 0.7648293972015381
3 220 0.6945575475692749 0.6414442658424377 0.019610688090324402 0.9060851335525513 0.7175487279891968
3 230 0.6946827173233032 0.6392335891723633 0.016711296513676643 0.9397099018096924 0.7260945439338684
3 240 0.6945921778678894 0.6412336230278015 0.018058883026242256 0.8562424778938293 0.8073005080223083
3 250 0.6945167779922485 0.6421420574188232 0.014970247633755207 0.9364368915557861 0.8285148739814758
3 260 0.6945967674255371 0.641594409942627 0.016689898446202278 0.8384565114974976 0.8792867064476013
3 270 0.6943961977958679 0.6448714137077332 0.016850175336003304 0.8673083782196045 0.8401598334312439
3 280 0.6944049596786499 0.6431789994239807 0.019589409232139587 0.9780611991882324 0.528681755065918
3 290 0.6946260929107666 0.6407601237297058 0.013132243417203426 0.8798485994338989 0.8933717608451843
3 300 0.6948502063751221 0.6368658542633057 0.018345387652516365 0.8719156980514526 0.7676348686218262
4 310 0.694904088973999 0.6361641883850098 0.014938117936253548 0.9013806581497192 0.8431734442710876
4 320 0.6949301958084106 0.6350112557411194 0.01642417162656784 0.9384976625442505 0.7096201777458191
4 330 0.6950757503509521 0.6335079073905945 0.015328262001276016 0.8567782044410706 0.8869642019271851
4 340 0.6953815221786499 0.6286306381225586 0.01580827683210373 0.9393700957298279 0.7301101684570312
4 350 0.6953879594802856 0.6288240551948547 0.014896322041749954 0.9088369011878967 0.8083255887031555
4 360 0.695580780506134 0.6260605454444885 0.014450086280703545 0.9122247695922852 0.8515413999557495
4 370 0.6954740285873413 0.6277598142623901 0.014949237927794456 0.8622835278511047 0.838463544845581
4 380 0.6956083178520203 0.6253986358642578 0.015517729334533215 0.9360604882240295 0.7672584056854248
4 390 0.6957210302352905 0.6243801712989807 0.012945260852575302 0.918367326259613 0.8460803031921387
4 400 0.6960983276367188 0.6200965046882629 0.015975145623087883 0.8432922959327698 0.8195274472236633
5 410 0.696418046951294 0.6161841154098511 0.012150191701948643 0.8982746005058289 0.8385906219482422
5 420 0.6964974403381348 0.6148160696029663 0.014374379068613052 0.9265263676643372 0.7801336050033569
5 430 0.6964492797851562 0.6159412860870361 0.012297116219997406 0.898278534412384 0.8882699012756348
5 440 0.6964317560195923 0.6159927845001221 0.013443795964121819 0.9204589128494263 0.8584165573120117
5 450 0.6967045664787292 0.612989604473114 0.011507293209433556 0.877055287361145 0.8619170188903809
5 460 0.6964344382286072 0.6159206032752991 0.01591600850224495 0.9036210179328918 0.8368633389472961
5 470 0.696237325668335 0.6186646819114685 0.013623451814055443 0.8573024272918701 0.9272122979164124
5 480 0.6963133215904236 0.6170731782913208 0.010670487768948078 0.9387379288673401 0.8552244901657104
5 490 0.6966361999511719 0.6136448383331299 0.013242783024907112 0.8928349018096924 0.8870318531990051
5 500 0.6967999339103699 0.6119428277015686 0.012976590543985367 0.8855176568031311 0.8916535377502441
6 510 0.6966644525527954 0.6138442754745483 0.01296374760568142 0.8432098627090454 0.9016501903533936
6 520 0.6963585615158081 0.6165238618850708 0.009449787437915802 0.9352040886878967 0.8497913479804993
6 530 0.6960774660110474 0.6196515560150146 0.012037534266710281 0.9509098529815674 0.7684678435325623
6 540 0.6962621212005615 0.6181221604347229 0.011060420423746109 0.8817073106765747 0.9029035568237305
6 550 0.6961134672164917 0.6188288331031799 0.012981187552213669 0.9645704030990601 0.7082926630973816
6 560 0.696332573890686 0.6171776652336121 0.011638233438134193 0.874365508556366 0.8634085059165955
6 570 0.6961602568626404 0.6189553737640381 0.011082211509346962 0.909943699836731 0.827080488204956
6 580 0.6960784196853638 0.6199095249176025 0.010610057041049004 0.9215384721755981 0.8709560036659241
6 590 0.6961044669151306 0.6201574802398682 0.010327048599720001 0.8703114986419678 0.9418644905090332
6 600 0.6958880424499512 0.6222982406616211 0.010068663395941257 0.9064851403236389 0.874524712562561
7 610 0.6964278221130371 0.6163462400436401 0.010344434529542923 0.8526785969734192 0.9343661069869995
7 620 0.696475625038147 0.61518794298172 0.010284794494509697 0.9427007436752319 0.8353816270828247
1 10 0.6926815509796143 0.7058020234107971 0.16050495207309723 0.33761781454086304 0.11292634159326553
1 20 0.693042516708374 0.7008419036865234 0.08327209949493408 0.6588541865348816 0.09848190099000931
1 30 0.6931309700012207 0.6964195370674133 0.059200555086135864 0.7821482419967651 0.16639845073223114
1 40 0.6931447982788086 0.6911272406578064 0.04755159839987755 0.7429906725883484 0.4180085361003876
1 50 0.6931595802307129 0.6874222755432129 0.0417654812335968 0.8826087117195129 0.28302544355392456
1 60 0.6931996941566467 0.6825610995292664 0.03361804410815239 0.8434826135635376 0.6207407116889954
1 70 0.693209171295166 0.6781116724014282 0.03196962550282478 0.9016722440719604 0.4174667000770569
1 80 0.6932903528213501 0.6747360825538635 0.029785972088575363 0.9234449863433838 0.47433096170425415
1 90 0.6933395266532898 0.6724066734313965 0.0272187739610672 0.8788689374923706 0.628243625164032
1 100 0.6934393644332886 0.668727457523346 0.0242338627576828 0.8925992846488953 0.7424924969673157
2 110 0.6935298442840576 0.6660904884338379 0.025654379278421402 0.8373678922653198 0.7172897458076477
2 120 0.6935709118843079 0.663567304611206 0.022959362715482712 0.9375280737876892 0.6490354537963867
2 130 0.6937307715415955 0.6599510312080383 0.02080339565873146 0.8602520227432251 0.7517517805099487
2 140 0.693809449672699 0.6571356654167175 0.021092629060149193 0.9083850979804993 0.702913761138916
2 150 0.6938809156417847 0.6554579734802246 0.02228473126888275 0.8939749598503113 0.7284029126167297
2 160 0.6939440369606018 0.6535327434539795 0.020151358097791672 0.9181150794029236 0.69219571352005
2 170 0.6941695809364319 0.6487154960632324 0.020462334156036377 0.9023543000221252 0.7209374308586121
2 180 0.6942674517631531 0.6473052501678467 0.019067052751779556 0.8598629236221313 0.7751458883285522
2 190 0.6942466497421265 0.6474987268447876 0.01965545304119587 0.8643649816513062 0.7179924845695496
2 200 0.6944515705108643 0.6440032720565796 0.019031940028071404 0.8461083173751831 0.8735105395317078
3 210 0.6944997906684875 0.6428766846656799 0.018766239285469055 0.8958271741867065 0.7944881916046143
3 220 0.6944273710250854 0.6442745327949524 0.018956869840621948 0.8590047359466553 0.8077994585037231
3 230 0.6944083571434021 0.6439265012741089 0.01697107031941414 0.9516816735267639 0.703677773475647
3 240 0.6944878101348877 0.6431350111961365 0.019140135496854782 0.8367875814437866 0.8225806355476379
3 250 0.694566011428833 0.6412646770477295 0.0162699893116951 0.9188127517700195 0.8336633443832397
3 260 0.6944853067398071 0.6432515382766724 0.016562823206186295 0.8820474743843079 0.8155006766319275
3 270 0.6945220232009888 0.6426774263381958 0.015150576829910278 0.8608724474906921 0.8674658536911011
3 280 0.6945090889930725 0.6416618824005127 0.01795276068150997 0.9660044312477112 0.6034197211265564
3 290 0.6945564150810242 0.6417933106422424 0.014583222568035126 0.8815852999687195 0.8760806918144226
3 300 0.6947539448738098 0.6381260752677917 0.017570659518241882 0.89667147397995 0.7561630606651306
4 310 0.694844126701355 0.6370652318000793 0.015442593023180962 0.9025607109069824 0.8345633745193481
4 320 0.6948544979095459 0.6360316276550293 0.01632331684231758 0.9549410939216614 0.6620518565177917
4 330 0.6949828863143921 0.6346065998077393 0.015111463144421577 0.9005957841873169 0.8432178497314453
4 340 0.6949469447135925 0.6348488330841064 0.014909050427377224 0.9369438886642456 0.7411260604858398
4 350 0.694998025894165 0.6342859268188477 0.014849081635475159 0.9232175350189209 0.7844051122665405
4 360 0.6951535940170288 0.6322488784790039 0.01632876694202423 0.8901862502098083 0.8658734560012817
4 370 0.6952245235443115 0.6311706304550171 0.014710742980241776 0.8837209343910217 0.8097869157791138
4 380 0.6951451301574707 0.6314514875411987 0.016106752678751945 0.9535518884658813 0.6883628964424133
4 390 0.6952308416366577 0.6310439109802246 0.013597281649708748 0.9117050170898438 0.8588272929191589
4 400 0.6953579187393188 0.629582941532135 0.015287894755601883 0.8444830775260925 0.8300597667694092
5 410 0.695172131061554 0.6322159171104431 0.012461027130484581 0.8787564635276794 0.8536912798881531
5 420 0.6948566436767578 0.6361684799194336 0.013777096755802631 0.9284225106239319 0.7760673761367798
5 430 0.6951057314872742 0.6331923604011536 0.012970726005733013 0.8957286477088928 0.8826988339424133
5 440 0.6952253580093384 0.6310477256774902 0.012391950003802776 0.9324960708618164 0.8473609089851379
5 450 0.6953665018081665 0.6290364265441895 0.012622717767953873 0.883729875087738 0.8457583785057068
5 460 0.6952996850013733 0.6301515102386475 0.014793910086154938 0.9114441275596619 0.843419075012207
5 470 0.6954121589660645 0.6289023756980896 0.012606710195541382 0.8648345470428467 0.9314406514167786
5 480 0.6957054138183594 0.6249443888664246 0.01137161161750555 0.8606395721435547 0.9148132801055908
5 490 0.6957489252090454 0.6233116984367371 0.014775685966014862 0.9609004855155945 0.7530176639556885
5 500 0.6955832242965698 0.626279354095459 0.012663405388593674 0.8790697455406189 0.8929134011268616
6 510 0.6958255767822266 0.6234022378921509 0.01229364424943924 0.8569157123565674 0.8894389271736145
6 520 0.6963281631469727 0.6167872548103333 0.010220835916697979 0.932851254940033 0.8372740149497986
6 530 0.6964094638824463 0.6163893342018127 0.010799568146467209 0.9061848521232605 0.8919288516044617
6 540 0.6967254877090454 0.6124658584594727 0.012151059694588184 0.9264909625053406 0.83421790599823
6 550 0.6968499422073364 0.6109917759895325 0.012155533768236637 0.9330754280090332 0.7843902707099915
6 560 0.6963622570037842 0.6171967387199402 0.012385626323521137 0.8338733315467834 0.886904776096344
6 570 0.6963402032852173 0.6164681911468506 0.011677319183945656 0.9484579563140869 0.765688955783844
6 580 0.6968792676925659 0.6108870506286621 0.01135379821062088 0.9329047799110413 0.8440567255020142
6 590 0.696895956993103 0.6107821464538574 0.010890131816267967 0.9273256063461304 0.8778809905052185
6 600 0.6970900297164917 0.6090877652168274 0.011009715497493744 0.8943228721618652 0.903905987739563
7 610 0.697213888168335 0.6079654693603516 0.01118530984967947 0.8421828746795654 0.9311047792434692
7 620 0.697449266910553 0.6053037047386169 0.009909223765134811 0.9250253438949585 0.8858343958854675
7 630 0.6974449157714844 0.6052711009979248 0.008935043588280678 0.9371877312660217 0.890471339225769
7 640 0.6976545453071594 0.6031596064567566 0.010119907557964325 0.9284966588020325 0.8534786701202393
7 650 0.6976624727249146 0.6032212972640991 0.009340290911495686 0.9358547925949097 0.9089038968086243
7 660 0.6981710195541382 0.5986493229866028 0.012955114245414734 0.8694607615470886 0.8760086297988892
7 670 0.6983523368835449 0.5970089435577393 0.009670098312199116 0.9349845051765442 0.8816088438034058
7 680 0.6982442140579224 0.5979568958282471 0.010365373454988003 0.9141256809234619 0.8799041509628296
7 690 0.6983251571655273 0.5970845818519592 0.00862148404121399 0.9537892937660217 0.8507831692695618
7 700 0.6991760730743408 0.5906607508659363 0.012073465622961521 0.8034118413925171 0.9431023597717285
8 710 0.6995620727539062 0.5871565937995911 0.009893742389976978 0.9106612801551819 0.9170970320701599
8 720 0.6996029615402222 0.5866402983665466 0.010653236880898476 0.9130572080612183 0.8786126971244812
8 730 0.6998213529586792 0.5849202871322632 0.010412628762423992 0.9281373023986816 0.8598873615264893
8 740 0.6992477774620056 0.5897826552391052 0.00897124595940113 0.9049333930015564 0.9158163070678711
8 750 0.6995962858200073 0.5867982506752014 0.010730361565947533 0.918468713760376 0.8868510127067566
8 760 0.699897289276123 0.5847465991973877 0.012230155058205128 0.8320545554161072 0.8945921063423157
8 770 0.7000271081924438 0.5836743712425232 0.008761321194469929 0.903046190738678 0.9289083480834961
8 780 0.699741780757904 0.5855498313903809 0.008431782014667988 0.9465004205703735 0.8494584560394287
8 790 0.7004535794258118 0.5806138515472412 0.008895889855921268 0.8639968037605286 0.9244802594184875
8 800 0.7001083493232727 0.5827993154525757 0.006633477751165628 0.9694458842277527 0.8995675444602966
9 810 0.7003148794174194 0.5813083648681641 0.008658397942781448 0.9318085312843323 0.8878127336502075
9 820 0.7002707719802856 0.5817115902900696 0.009115539491176605 0.9124755263328552 0.9065541625022888
9 830 0.6998049020767212 0.5849951505661011 0.009222641587257385 0.9348137378692627 0.8430232405662537
9 840 0.699866533279419 0.5847082734107971 0.009102617390453815 0.9169507026672363 0.8877887725830078
9 850 0.6994125843048096 0.5877577066421509 0.010240904986858368 0.9552631378173828 0.8388214707374573
9 860 0.7003730535507202 0.5811828970909119 0.00923611968755722 0.8853503465652466 0.9378551244735718
9 870 0.7002672553062439 0.581608772277832 0.008802144788205624 0.935454249382019 0.8886951208114624
9 880 0.7002822160720825 0.5814337730407715 0.012175220996141434 0.9226973652839661 0.8556177020072937
9 890 0.7005312442779541 0.5797556042671204 0.006254873238503933 0.9445308446884155 0.8962125182151794
9 900 0.7003388404846191 0.5812055468559265 0.008632893674075603 0.9092695713043213 0.8818297386169434
10 910 0.7006415128707886 0.5791772603988647 0.008216418325901031 0.8959721922874451 0.9276927709579468
10 920 0.7004572153091431 0.58040851354599 0.010159743949770927 0.9063987135887146 0.9013936519622803
10 930 0.7002979516983032 0.5814517140388489 0.007219590246677399 0.940840482711792 0.8906913995742798
10 940 0.7009366154670715 0.57694011926651 0.010307935997843742 0.8976545929908752 0.8729265332221985
10 950 0.700351357460022 0.5810019969940186 0.0070801991969347 0.9531656503677368 0.887005627155304
10 960 0.7006274461746216 0.579156219959259 0.009301713667809963 0.9095946550369263 0.8924177289009094
10 970 0.7003512382507324 0.5809692740440369 0.009988434612751007 0.9253273606300354 0.8650690317153931
10 980 0.700714647769928 0.5785078406333923 0.006684896536171436 0.9414077997207642 0.9095744490623474
10 990 0.7005419731140137 0.5795927047729492 0.007815683260560036 0.9443636536598206 0.8899931311607361
10 1000 0.700822114944458 0.5776911973953247 0.007488638162612915 0.9338747262954712 0.8875413537025452
11 1030 0.7013285160064697 0.5742599368095398 0.008407246321439743 0.9057295322418213 0.8897251486778259
11 1040 0.7018623352050781 0.5706381797790527 0.008709699846804142 0.9282422661781311 0.88345867395401
11 1050 0.7022364139556885 0.5685922503471375 0.01096443459391594 0.8550573587417603 0.9118710160255432
11 1060 0.7022218704223633 0.5682690739631653 0.009474722668528557 0.9172332286834717 0.8787878751754761
11 1070 0.7031952142715454 0.5625495314598083 0.007450138684362173 0.9081325531005859 0.9614158272743225
11 1080 0.7031095027923584 0.5627705454826355 0.00786634162068367 0.9295137524604797 0.8719943165779114
11 1090 0.7026858329772949 0.5652211308479309 0.008626479655504227 0.9591290950775146 0.8605208992958069
11 1100 0.7030668258666992 0.5631568431854248 0.007176687009632587 0.9350860118865967 0.9353896379470825
11 1110 0.7022646069526672 0.5681936740875244 0.007483439985662699 0.9272626042366028 0.9419063925743103
11 1120 0.7023060321807861 0.5680056214332581 0.008056662045419216 0.9056994915008545 0.9344262480735779
12 1130 0.7028077244758606 0.5648220777511597 0.008652358315885067 0.8872630596160889 0.9108911156654358
12 1140 0.7028006315231323 0.5649260878562927 0.00845769327133894 0.9051868319511414 0.937879204750061
12 1150 0.7025452852249146 0.5664875507354736 0.0069508785381913185 0.9215999841690063 0.9436435103416443
12 1160 0.7028433084487915 0.5646010637283325 0.007168126758188009 0.9314249753952026 0.933480441570282
12 1170 0.7020628452301025 0.5694159865379333 0.008175377734005451 0.9180898070335388 0.9060549139976501
12 1180 0.7019686102867126 0.5701687335968018 0.007289069704711437 0.9168179035186768 0.9380996823310852
12 1190 0.7026007771492004 0.5661647915840149 0.006139735691249371 0.9252446293830872 0.9559239745140076
12 1200 0.702830970287323 0.5646442174911499 0.008153233677148819 0.9304419159889221 0.9201510548591614
12 1210 0.702961802482605 0.5635511875152588 0.009742545895278454 0.9285714030265808 0.8706697225570679
12 1220 0.7035918235778809 0.5598791241645813 0.011016231030225754 0.8935589790344238 0.8643083572387695
13 1230 0.7033617496490479 0.5614722967147827 0.00783343706279993 0.896572470664978 0.9195189476013184
13 1240 0.702800989151001 0.5646739602088928 0.0065328204073011875 0.9579863548278809 0.9104316830635071
13 1250 0.7037217617034912 0.5602185726165771 0.01488797552883625 0.7348976731300354 0.9687396883964539
13 1260 0.7028433084487915 0.5645166635513306 0.0069160922430455685 0.9403508901596069 0.9212499856948853
13 1270 0.70325767993927 0.5616419315338135 0.010740364901721478 0.9452214241027832 0.8472185730934143
13 1280 0.7047421932220459 0.5537880063056946 0.010615644976496696 0.8816595673561096 0.9415911436080933
13 1290 0.7041780352592468 0.556698739528656 0.008651751093566418 0.8963936567306519 0.9055263996124268
13 1300 0.7039651870727539 0.5577634572982788 0.008225546218454838 0.9374474287033081 0.9061822295188904
13 1310 0.7036557197570801 0.5597377419471741 0.007484076078981161 0.9204301238059998 0.9327521920204163
13 1320 0.7039729952812195 0.5577432513237 0.007186346221715212 0.936296820640564 0.9073948264122009
14 1330 0.7035075426101685 0.5606697797775269 0.0076603214256465435 0.9092188477516174 0.9318427443504333
14 1340 0.7034083604812622 0.5610272884368896 0.007749487645924091 0.940633237361908 0.906548023223877
14 1350 0.7040834426879883 0.5574616193771362 0.009975310415029526 0.8970727324485779 0.940826952457428
14 1360 0.7041130065917969 0.5570282936096191 0.010358327999711037 0.9077301025390625 0.9067172408103943
14 1370 0.703860878944397 0.5583369731903076 0.006396249867975712 0.9582022428512573 0.8828157186508179
14 1380 0.7041247487068176 0.5572804808616638 0.010376062244176865 0.8762573003768921 0.9457207918167114
14 1390 0.7034255266189575 0.5610782504081726 0.008352966979146004 0.9256716370582581 0.9177271127700806
14 1400 0.7036802768707275 0.5595871210098267 0.009822959080338478 0.8668497204780579 0.8698347210884094
14 1410 0.7042012214660645 0.5565853714942932 0.007415229454636574 0.9098116755485535 0.931034505367279
14 1420 0.7042075395584106 0.5564814805984497 0.008644772693514824 0.9247546195983887 0.9187432527542114
15 1430 0.704574704170227 0.5542306900024414 0.008221368305385113 0.9325177669525146 0.881058931350708
15 1440 0.7058536410331726 0.5473886728286743 0.00898173451423645 0.9014084339141846 0.8775137066841125
15 1450 0.7058418989181519 0.5476273894309998 0.006800093688070774 0.9006280303001404 0.9305343627929688
15 1460 0.7058022022247314 0.5475858449935913 0.00894989911466837 0.926019012928009 0.8984290361404419
15 1470 0.7061767578125 0.5453667044639587 0.009853372350335121 0.9641739130020142 0.8492646813392639
15 1480 0.7059025764465332 0.5471755862236023 0.008422448299825191 0.9278919696807861 0.8986626863479614
15 1490 0.7057013511657715 0.548201858997345 0.004777088295668364 0.956984281539917 0.9286355376243591
15 1500 0.705811619758606 0.5479023456573486 0.008215066976845264 0.9003282785415649 0.9431072473526001
15 1510 0.7054066061973572 0.5498716235160828 0.006984015926718712 0.9417317509651184 0.9347334504127502
15 1520 0.7060973048210144 0.5460716485977173 0.007631147280335426 0.9478380084037781 0.8993812799453735
16 1530 0.7069311738014221 0.5419502258300781 0.005633207969367504 0.9358415603637695 0.9455782175064087
16 1540 0.7059720754623413 0.5468226075172424 0.004927676636725664 0.9417475461959839 0.9347350001335144
16 1550 0.7061811685562134 0.5458604693412781 0.008626426570117474 0.8930015563964844 0.9146224856376648
16 1560 0.7065337300300598 0.5440388917922974 0.006869335193186998 0.9110493659973145 0.9394482374191284
16 1570 0.7066491842269897 0.5432142019271851 0.009015899151563644 0.9241201281547546 0.8709677457809448
16 1580 0.7070601582527161 0.5412703156471252 0.006362094543874264 0.9384835362434387 0.9291784763336182
16 1590 0.7064075469970703 0.544446587562561 0.006564294453710318 0.9599173665046692 0.9070675373077393
16 1600 0.7055132389068604 0.5489246845245361 0.010419715195894241 0.9552856683731079 0.865033745765686
16 1610 0.7057969570159912 0.5478410124778748 0.004949262831360102 0.9232922792434692 0.9300620555877686
16 1620 0.7052525877952576 0.550805926322937 0.006647616624832153 0.9360717535018921 0.951764702796936
17 1630 0.7056704759597778 0.5485793948173523 0.006862752139568329 0.9095688462257385 0.9351351261138916
17 1640 0.707139253616333 0.5409847497940063 0.0068102991208434105 0.9226820468902588 0.9346766471862793
17 1650 0.7065036296844482 0.5438976287841797 0.00906340405344963 0.9387820363044739 0.8865011930465698
17 1660 0.7066397666931152 0.5433066487312317 0.007773630786687136 0.9321503043174744 0.9008070230484009
17 1670 0.707619309425354 0.538400411605835 0.007680860348045826 0.9542334079742432 0.8922967314720154
17 1680 0.707783579826355 0.5377048850059509 0.007314884569495916 0.936251163482666 0.9128015041351318
17 1690 0.7078501582145691 0.5371748208999634 0.00939120352268219 0.9318105578422546 0.8628304600715637
17 1700 0.7081522345542908 0.5359170436859131 0.007269938942044973 0.9453604817390442 0.9166144132614136
17 1710 0.7079406976699829 0.5369868874549866 0.007256688550114632 0.9420514702796936 0.9276777505874634
17 1720 0.7092832326889038 0.5307142734527588 0.006568215321749449 0.9438161253929138 0.9229397177696228
18 1730 0.7091435194015503 0.5316085815429688 0.008423271588981152 0.8970715999603271 0.9487887024879456
18 1740 0.7086094617843628 0.5337017774581909 0.008405657485127449 0.9499617218971252 0.9199011325836182
18 1750 0.708675742149353 0.5338035821914673 0.00969085842370987 0.8801621198654175 0.9361358284950256
18 1760 0.708764374256134 0.5330603718757629 0.007856853306293488 0.9429400563240051 0.9160664081573486
18 1770 0.7089403867721558 0.5323522686958313 0.007069517858326435 0.9347575306892395 0.9445741176605225
18 1780 0.7088304758071899 0.532752275466919 0.008923542685806751 0.932939350605011 0.9225101470947266
18 1790 0.7073378562927246 0.5396584868431091 0.009964358061552048 0.9404579997062683 0.8906024098396301
18 1800 0.7067193388938904 0.5429210066795349 0.007313793525099754 0.9524105787277222 0.9132120609283447
18 1810 0.7073279619216919 0.5400188565254211 0.006365956738591194 0.9294823408126831 0.9284375905990601
18 1820 0.7064622044563293 0.5443350076675415 0.00721800047904253 0.9344563484191895 0.9270738363265991
19 1830 0.7069711685180664 0.5418031811714172 0.006884851027280092 0.9263049960136414 0.9197154641151428
19 1840 0.7074862122535706 0.5394729971885681 0.010970751754939556 0.8569862842559814 0.9024812579154968
19 1850 0.7081059217453003 0.5364688634872437 0.00912078283727169 0.8990643620491028 0.9384433031082153
19 1860 0.7078565359115601 0.5375548005104065 0.006521646864712238 0.9276160597801208 0.937574565410614
19 1870 0.7080022692680359 0.537007749080658 0.007815027609467506 0.8926940560340881 0.9526627063751221
19 1880 0.7079803943634033 0.53693687915802 0.004533679224550724 0.945699155330658 0.9585971832275391
19 1890 0.7081066370010376 0.536413311958313 0.008443695493042469 0.9240473508834839 0.9285898804664612
19 1900 0.7073676586151123 0.539674699306488 0.00787135399878025 0.9709202647209167 0.8966824412345886
19 1910 0.7076307535171509 0.5385921597480774 0.008858593180775642 0.904533863067627 0.892002522945404
19 1920 0.7062032222747803 0.5457984805107117 0.0065756067633628845 0.9214285612106323 0.9412786364555359
20 1930 0.7059735059738159 0.5471596121788025 0.005904804915189743 0.8942022919654846 0.9424620866775513
20 1940 0.705594539642334 0.5487654805183411 0.0079672671854496 0.9589372277259827 0.91159588098526
20 1950 0.7047073841094971 0.5538884401321411 0.004569569136947393 0.9382835030555725 0.942829430103302
20 1960 0.70435631275177 0.5557916164398193 0.005639711860567331 0.941077470779419 0.934391975402832
20 1970 0.7049957513809204 0.5520648956298828 0.01016242615878582 0.9426569938659668 0.8913150429725647
20 1980 0.7056304812431335 0.5489596724510193 0.007530519738793373 0.9295961856842041 0.9562721848487854
20 1990 0.7055110335350037 0.5494930744171143 0.008119299076497555 0.9371681213378906 0.9219384789466858
20 2000 0.7062105536460876 0.5458177328109741 0.006812285631895065 0.9394233822822571 0.9376010298728943
20 2030 0.7067710161209106 0.5427356958389282 0.007230884395539761 0.962188720703125 0.9271327257156372
20 2040 0.707210898399353 0.5406768918037415 0.006022795103490353 0.9526270627975464 0.9220508337020874
20 2050 0.707005500793457 0.541768491268158 0.007046237587928772 0.917654812335968 0.9191685914993286
21 2060 0.70619797706604 0.5460655093193054 0.007035467773675919 0.9275693297386169 0.9533869624137878
21 2070 0.7046164274215698 0.554339587688446 0.006871398538351059 0.9352940917015076 0.9241025447845459
21 2080 0.7043002247810364 0.5558880567550659 0.008608175441622734 0.9600791931152344 0.8799515962600708
21 2090 0.7039572596549988 0.5583488345146179 0.00644215103238821 0.9326674342155457 0.9288872480392456
21 2100 0.7040606737136841 0.557502269744873 0.007401893846690655 0.9478138089179993 0.9093369245529175
21 2110 0.7043775320053101 0.5559166073799133 0.006493194028735161 0.9451019167900085 0.938622236251831
21 2120 0.7044390439987183 0.5556064248085022 0.007985729724168777 0.9059748649597168 0.9329662919044495
21 2130 0.7044744491577148 0.5554128885269165 0.006423346232622862 0.9337407350540161 0.9549342393875122
21 2140 0.7047598361968994 0.5534936189651489 0.009579287841916084 0.9294494986534119 0.9045513868331909
21 2150 0.7059699296951294 0.547106921672821 0.008983406238257885 0.9220430254936218 0.9158878326416016
22 2160 0.7060323357582092 0.5469480156898499 0.006965440697968006 0.9241297245025635 0.944934606552124
22 2170 0.7054941654205322 0.549645185470581 0.007520069368183613 0.9252117872238159 0.9249415993690491
22 2180 0.7064626216888428 0.544803261756897 0.006324971094727516 0.9104422330856323 0.9477756023406982
22 2190 0.7061321139335632 0.5463598966598511 0.005502651445567608 0.9541634917259216 0.9359310865402222
22 2200 0.7064093351364136 0.544848620891571 0.006955960765480995 0.9440417289733887 0.9385989904403687
22 2210 0.7050999402999878 0.551798939704895 0.006254025734961033 0.9431694149971008 0.9363471865653992
22 2220 0.7051699161529541 0.5515241622924805 0.00485873781144619 0.9565062522888184 0.9630294442176819
22 2230 0.7053605318069458 0.5503978729248047 0.006533728912472725 0.9611930847167969 0.9327731132507324
22 2240 0.7051601409912109 0.5516018867492676 0.006962141487747431 0.9278283715248108 0.9437830448150635
22 2250 0.7046672105789185 0.5543086528778076 0.00676076952368021 0.9346020817756653 0.9215285181999207
23 2260 0.7046157717704773 0.5544630289077759 0.008447954431176186 0.9418798685073853 0.915652871131897
23 2270 0.7052222490310669 0.5511214733123779 0.007354527711868286 0.9420454502105713 0.895893394947052
23 2280 0.705340564250946 0.5504487752914429 0.006996865384280682 0.9687615036964417 0.9086521863937378
23 2290 0.7044368982315063 0.555684506893158 0.004769762512296438 0.9352283477783203 0.9529914259910583
23 2300 0.7045018672943115 0.5550692677497864 0.00751761207357049 0.9461184144020081 0.9096795916557312
23 2310 0.7047148942947388 0.5542106032371521 0.009152823127806187 0.8917965292930603 0.9067264795303345
